# Created by Octave 3.8.1, Sat Feb 06 09:16:36 2016 EET <hoda@hoda-Studio-1569>
# name: V
# type: matrix
# rows: 47
# columns: 1
 -0.1702127659574466
 -0.1702127659574466
 -0.1702127659574466
 -1.170212765957447
 0.8297872340425534
 0.8297872340425534
 -0.1702127659574466
 -0.1702127659574466
 -0.1702127659574466
 -0.1702127659574466
 0.8297872340425534
 -0.1702127659574466
 -0.1702127659574466
 1.829787234042553
 -0.1702127659574466
 0.8297872340425534
 -1.170212765957447
 -0.1702127659574466
 0.8297872340425534
 0.8297872340425534
 -0.1702127659574466
 -1.170212765957447
 -0.1702127659574466
 0.8297872340425534
 -0.1702127659574466
 -0.1702127659574466
 -0.1702127659574466
 -0.1702127659574466
 -0.1702127659574466
 -0.1702127659574466
 -1.170212765957447
 -2.170212765957447
 0.8297872340425534
 -0.1702127659574466
 0.8297872340425534
 -0.1702127659574466
 -0.1702127659574466
 0.8297872340425534
 0.8297872340425534
 0.8297872340425534
 -1.170212765957447
 -0.1702127659574466
 0.8297872340425534
 -0.1702127659574466
 -1.170212765957447
 0.8297872340425534
 -0.1702127659574466


